Timestamp,Power (mW)
2024-10-31 13:20:36.094718,2019.5121951219508
2024-10-31 13:20:36.096699,1799.0243902439022
2024-10-31 13:20:36.098387,1773.6585365853657
2024-10-31 13:20:36.100087,1834.1463414634145
2024-10-31 13:20:36.101708,1812.6829268292681
2024-10-31 13:20:36.103208,1726.8292682926826
2024-10-31 13:20:36.104705,1808.7804878048778
2024-10-31 13:20:36.106243,1711.2195121951218
2024-10-31 13:20:36.107734,1877.0731707317073
2024-10-31 13:20:36.109325,1621.4634146341461
2024-10-31 13:20:36.110835,1972.6829268292681
2024-10-31 13:20:36.112336,1627.3170731707316
2024-10-31 13:20:36.113891,1748.292682926829
2024-10-31 13:20:36.115368,1676.0975609756094
2024-10-31 13:20:36.116889,1773.6585365853657
2024-10-31 13:20:36.118395,1703.414634146341
2024-10-31 13:20:36.119868,1752.1951219512193
2024-10-31 13:20:36.121456,1763.90243902439
2024-10-31 13:20:36.122966,1746.3414634146338
2024-10-31 13:20:36.124539,1863.4146341463413
2024-10-31 13:20:36.126062,1627.3170731707316
2024-10-31 13:20:36.127531,1918.0487804878046
2024-10-31 13:20:36.129001,1791.2195121951218
2024-10-31 13:20:36.130509,1898.5365853658534
2024-10-31 13:20:36.132027,1736.5853658536582
2024-10-31 13:20:36.133573,1988.292682926829
2024-10-31 13:20:36.135054,1617.560975609756
2024-10-31 13:20:36.136557,1927.8048780487802
2024-10-31 13:20:36.138073,1623.4146341463413
2024-10-31 13:20:36.139549,2056.585365853658
2024-10-31 13:20:36.141205,2429.2682926829266
2024-10-31 13:20:36.142931,1652.6829268292681
2024-10-31 13:20:36.144468,1861.4634146341461
2024-10-31 13:20:36.146018,1818.5365853658534
2024-10-31 13:20:36.147498,1728.7804878048778
2024-10-31 13:20:36.148998,1937.5609756097558
2024-10-31 13:20:36.150528,1707.3170731707314
2024-10-31 13:20:36.152015,1832.1951219512193
2024-10-31 13:20:36.153559,1681.951219512195
2024-10-31 13:20:36.155059,1879.0243902439024
2024-10-31 13:20:36.156630,1633.170731707317
2024-10-31 13:20:36.158141,2013.6585365853655
2024-10-31 13:20:36.159602,1607.8048780487804
2024-10-31 13:20:36.161068,2042.9268292682923
2024-10-31 13:20:36.162689,1713.170731707317
2024-10-31 13:20:36.164364,1717.073170731707
2024-10-31 13:20:36.165961,1773.6585365853657
2024-10-31 13:20:36.167466,1701.4634146341461
2024-10-31 13:20:36.168950,1763.90243902439
2024-10-31 13:20:36.170468,1717.073170731707
2024-10-31 13:20:36.172820,2234.1463414634145
2024-10-31 13:20:36.174530,1646.8292682926829
2024-10-31 13:20:36.176039,1953.170731707317
2024-10-31 13:20:36.177574,1611.7073170731705
2024-10-31 13:20:36.179054,1972.6829268292681
2024-10-31 13:20:36.180573,1611.7073170731705
2024-10-31 13:20:36.182098,1752.1951219512193
2024-10-31 13:20:36.183577,1637.0731707317073
2024-10-31 13:20:36.185061,2097.5609756097556
2024-10-31 13:20:36.186577,1658.5365853658536
2024-10-31 13:20:36.188103,1914.1463414634143
2024-10-31 13:20:36.189722,2078.0487804878044
2024-10-31 13:20:36.191285,1633.170731707317
2024-10-31 13:20:36.192779,1908.292682926829
2024-10-31 13:20:36.194297,1611.7073170731705
2024-10-31 13:20:36.195780,1941.4634146341461
2024-10-31 13:20:36.197350,1640.9756097560974
2024-10-31 13:20:36.198841,2023.414634146341
2024-10-31 13:20:36.200318,1613.6585365853657
2024-10-31 13:20:36.201848,1754.1463414634145
2024-10-31 13:20:36.203326,1642.9268292682925
2024-10-31 13:20:36.204812,2029.2682926829264
2024-10-31 13:20:36.206304,1627.3170731707316
2024-10-31 13:20:36.207777,1984.390243902439
2024-10-31 13:20:36.209322,1648.780487804878
2024-10-31 13:20:36.210852,1761.951219512195
2024-10-31 13:20:36.212337,1742.4390243902437
2024-10-31 13:20:36.213862,1742.4390243902437
2024-10-31 13:20:36.215338,1713.170731707317
2024-10-31 13:20:36.216816,1851.7073170731705
2024-10-31 13:20:36.218326,1713.170731707317
2024-10-31 13:20:36.219795,1763.90243902439
2024-10-31 13:20:36.221354,1746.3414634146338
2024-10-31 13:20:36.222845,1754.1463414634145
2024-10-31 13:20:36.224319,1719.0243902439022
2024-10-31 13:20:36.225844,1761.951219512195
2024-10-31 13:20:36.227325,1746.3414634146338
2024-10-31 13:20:36.228810,1812.6829268292681
2024-10-31 13:20:36.230346,1787.3170731707314
2024-10-31 13:20:36.231798,1748.292682926829
2024-10-31 13:20:36.233330,1761.951219512195
2024-10-31 13:20:36.234797,1752.1951219512193
2024-10-31 13:20:36.236238,1701.4634146341461
2024-10-31 13:20:36.237755,1758.0487804878046
2024-10-31 13:20:36.239212,1633.170731707317
2024-10-31 13:20:36.240659,2033.1707317073167
2024-10-31 13:20:36.242161,1621.4634146341461
2024-10-31 13:20:36.243604,1902.4390243902435
2024-10-31 13:20:36.245054,1742.4390243902437
2024-10-31 13:20:36.246542,1841.951219512195
2024-10-31 13:20:36.248001,1746.3414634146338
2024-10-31 13:20:36.249515,1799.0243902439022
2024-10-31 13:20:36.250964,1752.1951219512193
2024-10-31 13:20:36.252408,1711.2195121951218
2024-10-31 13:20:36.253909,1752.1951219512193
2024-10-31 13:20:36.255349,1623.4146341463413
2024-10-31 13:20:36.256790,1914.1463414634143
2024-10-31 13:20:36.258284,1646.8292682926829
2024-10-31 13:20:36.259733,1867.3170731707316
2024-10-31 13:20:36.261237,1707.3170731707314
2024-10-31 13:20:36.262748,1896.5853658536582
2024-10-31 13:20:36.264216,1719.0243902439022
2024-10-31 13:20:36.265736,1896.5853658536582
2024-10-31 13:20:36.267200,1742.4390243902437
2024-10-31 13:20:36.268661,1816.5853658536585
2024-10-31 13:20:36.270146,1738.5365853658534
2024-10-31 13:20:36.271590,1736.5853658536582
2024-10-31 13:20:36.273062,1777.5609756097558
2024-10-31 13:20:36.274601,1748.292682926829
2024-10-31 13:20:36.276061,1799.0243902439022
2024-10-31 13:20:36.277591,1748.292682926829
2024-10-31 13:20:36.279042,1748.292682926829
2024-10-31 13:20:36.280476,1621.4634146341461
2024-10-31 13:20:36.281989,2011.7073170731703
2024-10-31 13:20:36.283456,1613.6585365853657
2024-10-31 13:20:36.284939,1992.1951219512193
2024-10-31 13:20:36.286439,1627.3170731707316
2024-10-31 13:20:36.288035,1937.5609756097558
2024-10-31 13:20:36.289699,1992.1951219512193
2024-10-31 13:20:36.291218,1623.4146341463413
2024-10-31 13:20:36.292685,1943.414634146341
2024-10-31 13:20:36.294222,1617.560975609756
2024-10-31 13:20:36.295696,1957.073170731707
2024-10-31 13:20:36.297181,1646.8292682926829
2024-10-31 13:20:36.298680,1937.5609756097558
2024-10-31 13:20:36.300132,1752.1951219512193
2024-10-31 13:20:36.301647,1896.5853658536582
2024-10-31 13:20:36.303092,1732.6829268292681
2024-10-31 13:20:36.304586,1793.170731707317
2024-10-31 13:20:36.306124,1719.0243902439022
2024-10-31 13:20:36.307586,1843.90243902439
2024-10-31 13:20:36.309043,1758.0487804878046
2024-10-31 13:20:36.310541,1806.8292682926829
2024-10-31 13:20:36.312008,1746.3414634146338
2024-10-31 13:20:36.313523,1783.4146341463413
2024-10-31 13:20:36.314995,1746.3414634146338
2024-10-31 13:20:36.316464,1742.4390243902437
2024-10-31 13:20:36.317987,1763.90243902439
2024-10-31 13:20:36.319432,1697.5609756097558
2024-10-31 13:20:36.320871,1988.292682926829
2024-10-31 13:20:36.322371,1623.4146341463413
2024-10-31 13:20:36.323821,1949.2682926829266
2024-10-31 13:20:36.325407,1658.5365853658536
2024-10-31 13:20:36.326888,2013.6585365853655
2024-10-31 13:20:36.328340,1613.6585365853657
2024-10-31 13:20:36.329860,2001.9512195121947
2024-10-31 13:20:36.331312,1617.560975609756
2024-10-31 13:20:36.332772,1912.195121951219
2024-10-31 13:20:36.334285,1640.9756097560974
2024-10-31 13:20:36.335749,1906.3414634146338
2024-10-31 13:20:36.337316,1631.2195121951218
2024-10-31 13:20:36.338795,1962.9268292682925
2024-10-31 13:20:36.340239,1728.7804878048778
2024-10-31 13:20:36.341758,2003.9024390243899
2024-10-31 13:20:36.343209,1703.414634146341
2024-10-31 13:20:36.344650,1793.170731707317
2024-10-31 13:20:36.346173,1738.5365853658534
2024-10-31 13:20:36.347651,1791.2195121951218
2024-10-31 13:20:36.349161,1736.5853658536582
2024-10-31 13:20:36.350651,1826.341463414634
2024-10-31 13:20:36.352094,1746.3414634146338
2024-10-31 13:20:36.353609,1787.3170731707314
2024-10-31 13:20:36.355053,1746.3414634146338
2024-10-31 13:20:36.356567,1687.8048780487802
2024-10-31 13:20:36.358095,1777.5609756097558
2024-10-31 13:20:36.359609,1797.0731707317073
2024-10-31 13:20:36.361077,1763.90243902439
2024-10-31 13:20:36.362616,1787.3170731707314
2024-10-31 13:20:36.364081,1806.8292682926829
2024-10-31 13:20:36.366531,1787.3170731707314
2024-10-31 13:20:36.368114,1968.7804878048778
2024-10-31 13:20:36.369641,1627.3170731707316
2024-10-31 13:20:36.371086,1957.073170731707
2024-10-31 13:20:36.372587,1701.4634146341461
2024-10-31 13:20:36.374100,1953.170731707317
2024-10-31 13:20:36.375541,1676.0975609756094
2024-10-31 13:20:36.376992,1966.8292682926826
2024-10-31 13:20:36.378503,1719.0243902439022
2024-10-31 13:20:36.379999,1802.9268292682925
2024-10-31 13:20:36.381500,1711.2195121951218
2024-10-31 13:20:36.382943,1816.5853658536585
2024-10-31 13:20:36.384383,1758.0487804878046
2024-10-31 13:20:36.385903,1763.90243902439
2024-10-31 13:20:36.387348,1752.1951219512193
2024-10-31 13:20:36.388857,2027.3170731707312
2024-10-31 13:20:36.390452,1738.5365853658534
2024-10-31 13:20:36.391920,1802.9268292682925
2024-10-31 13:20:36.393478,1711.2195121951218
2024-10-31 13:20:36.394936,1834.1463414634145
2024-10-31 13:20:36.396372,1748.292682926829
2024-10-31 13:20:36.397895,1791.2195121951218
2024-10-31 13:20:36.399341,1746.3414634146338
2024-10-31 13:20:36.400788,1746.3414634146338
2024-10-31 13:20:36.402289,2046.8292682926826
2024-10-31 13:20:36.403740,1617.560975609756
2024-10-31 13:20:36.405311,1771.7073170731705
2024-10-31 13:20:36.406823,1736.5853658536582
2024-10-31 13:20:36.408282,1738.5365853658534
2024-10-31 13:20:36.409801,1717.073170731707
2024-10-31 13:20:36.411252,2029.2682926829264
2024-10-31 13:20:36.412744,1672.1951219512193
2024-10-31 13:20:36.414236,2017.5609756097556
2024-10-31 13:20:36.415681,1617.560975609756
2024-10-31 13:20:36.417171,2007.80487804878
2024-10-31 13:20:36.418668,1621.4634146341461
2024-10-31 13:20:36.420111,1879.0243902439024
2024-10-31 13:20:36.421621,1668.292682926829
2024-10-31 13:20:36.423108,1898.5365853658534
2024-10-31 13:20:36.424597,1869.2682926829268
2024-10-31 13:20:36.426122,1927.8048780487802
2024-10-31 13:20:36.427580,1703.414634146341
2024-10-31 13:20:36.429045,1949.2682926829266
2024-10-31 13:20:36.430565,1719.0243902439022
2024-10-31 13:20:36.432016,1808.7804878048778
2024-10-31 13:20:36.433546,1728.7804878048778
2024-10-31 13:20:36.435014,1816.5853658536585
2024-10-31 13:20:36.436466,1793.170731707317
2024-10-31 13:20:36.437971,1777.5609756097558
2024-10-31 13:20:36.439412,1752.1951219512193
2024-10-31 13:20:36.440843,1711.2195121951218
2024-10-31 13:20:36.442335,2019.5121951219508
2024-10-31 13:20:36.443799,1621.4634146341461
2024-10-31 13:20:36.445392,1783.4146341463413
2024-10-31 13:20:36.446854,1658.5365853658536
2024-10-31 13:20:36.448293,1959.0243902439022
2024-10-31 13:20:36.449810,1613.6585365853657
2024-10-31 13:20:36.451252,1927.8048780487802
2024-10-31 13:20:36.452704,1761.951219512195
2024-10-31 13:20:36.454188,1853.6585365853657
2024-10-31 13:20:36.455633,1746.3414634146338
2024-10-31 13:20:36.457090,1841.951219512195
2024-10-31 13:20:36.458596,1752.1951219512193
2024-10-31 13:20:36.460046,1707.3170731707314
2024-10-31 13:20:36.461539,1754.1463414634145
2024-10-31 13:20:36.462977,1611.7073170731705
2024-10-31 13:20:36.464410,1918.0487804878046
2024-10-31 13:20:36.465928,1642.9268292682925
2024-10-31 13:20:36.467362,1877.0731707317073
2024-10-31 13:20:36.468821,1799.0243902439022
2024-10-31 13:20:36.470309,1806.8292682926829
2024-10-31 13:20:36.471750,1746.3414634146338
2024-10-31 13:20:36.473254,1754.1463414634145
2024-10-31 13:20:36.474783,1754.1463414634145
2024-10-31 13:20:36.476246,1797.0731707317073
2024-10-31 13:20:36.477764,1761.951219512195
2024-10-31 13:20:36.479211,1713.170731707317
2024-10-31 13:20:36.480657,2011.7073170731703
2024-10-31 13:20:36.482155,1640.9756097560974
2024-10-31 13:20:36.483601,1972.6829268292681
2024-10-31 13:20:36.485095,1662.4390243902437
2024-10-31 13:20:36.486601,1968.7804878048778
2024-10-31 13:20:36.488076,1746.3414634146338
2024-10-31 13:20:36.489677,1799.0243902439022
2024-10-31 13:20:36.491253,1816.5853658536585
2024-10-31 13:20:36.492762,1812.6829268292681
2024-10-31 13:20:36.494269,1838.0487804878048
2024-10-31 13:20:36.495716,1738.5365853658534
2024-10-31 13:20:36.497207,1818.5365853658534
2024-10-31 13:20:36.498707,1754.1463414634145
2024-10-31 13:20:36.500158,1761.951219512195
2024-10-31 13:20:36.501672,1758.0487804878046
2024-10-31 13:20:36.503111,1678.0487804878046
2024-10-31 13:20:36.504568,1968.7804878048778
2024-10-31 13:20:36.506060,1617.560975609756
2024-10-31 13:20:36.507498,1927.8048780487802
2024-10-31 13:20:36.508960,1771.7073170731705
2024-10-31 13:20:36.510457,1867.3170731707316
2024-10-31 13:20:36.511899,1738.5365853658534
2024-10-31 13:20:36.513441,1851.7073170731705
2024-10-31 13:20:36.514892,1736.5853658536582
2024-10-31 13:20:36.516332,1783.4146341463413
2024-10-31 13:20:36.517836,1748.292682926829
2024-10-31 13:20:36.519280,1697.5609756097558
2024-10-31 13:20:36.520728,1988.292682926829
2024-10-31 13:20:36.522224,1617.560975609756
2024-10-31 13:20:36.523668,1943.414634146341
2024-10-31 13:20:36.525170,1633.170731707317
2024-10-31 13:20:36.526653,1923.9024390243899
2024-10-31 13:20:36.528093,1717.073170731707
2024-10-31 13:20:36.529606,1877.0731707317073
2024-10-31 13:20:36.531049,1738.5365853658534
2024-10-31 13:20:36.532538,1783.4146341463413
2024-10-31 13:20:36.534033,1738.5365853658534
2024-10-31 13:20:36.535479,1746.3414634146338
2024-10-31 13:20:36.536922,1777.5609756097558
2024-10-31 13:20:36.538421,1681.951219512195
2024-10-31 13:20:36.539899,1988.292682926829
2024-10-31 13:20:36.541461,1736.5853658536582
2024-10-31 13:20:36.542912,1791.2195121951218
2024-10-31 13:20:36.544350,1627.3170731707316
2024-10-31 13:20:36.545857,2007.80487804878
2024-10-31 13:20:36.547297,1642.9268292682925
2024-10-31 13:20:36.548781,1902.4390243902435
2024-10-31 13:20:36.550274,1662.4390243902437
2024-10-31 13:20:36.551717,1857.560975609756
2024-10-31 13:20:36.553205,1738.5365853658534
2024-10-31 13:20:36.554705,1834.1463414634145
2024-10-31 13:20:36.564217,1752.1951219512193
2024-10-31 13:20:36.565895,1621.4634146341461
2024-10-31 13:20:36.567355,1957.073170731707
2024-10-31 13:20:36.568801,1797.0731707317073
2024-10-31 13:20:36.570295,1877.0731707317073
2024-10-31 13:20:36.571737,1738.5365853658534
2024-10-31 13:20:36.573261,1838.0487804878048
2024-10-31 13:20:36.574742,1726.8292682926826
2024-10-31 13:20:36.576186,1767.8048780487802
2024-10-31 13:20:36.577692,1748.292682926829
2024-10-31 13:20:36.579139,1717.073170731707
2024-10-31 13:20:36.580628,1808.7804878048778
2024-10-31 13:20:36.582123,1711.2195121951218
2024-10-31 13:20:36.583560,2003.9024390243899
2024-10-31 13:20:36.584994,1754.1463414634145
2024-10-31 13:20:36.586477,1923.9024390243899
2024-10-31 13:20:36.587981,1748.292682926829
2024-10-31 13:20:36.589601,1781.4634146341461
2024-10-31 13:20:36.591077,1678.0487804878046
2024-10-31 13:20:36.592551,1982.4390243902437
2024-10-31 13:20:36.594051,1646.8292682926829
2024-10-31 13:20:36.595488,1968.7804878048778
2024-10-31 13:20:36.596952,1853.6585365853657
2024-10-31 13:20:36.598478,1947.3170731707314
2024-10-31 13:20:36.599927,1672.1951219512193
2024-10-31 13:20:36.601485,1962.9268292682925
2024-10-31 13:20:36.602935,1656.5853658536585
2024-10-31 13:20:36.604371,1888.7804878048778
2024-10-31 13:20:36.605884,1713.170731707317
2024-10-31 13:20:36.607320,1802.9268292682925
2024-10-31 13:20:36.608764,1802.9268292682925
2024-10-31 13:20:36.610245,1707.3170731707314
2024-10-31 13:20:36.611688,2007.80487804878
2024-10-31 13:20:36.613173,1617.560975609756
2024-10-31 13:20:36.614669,1994.1463414634145
2024-10-31 13:20:36.616108,1637.0731707317073
2024-10-31 13:20:36.617607,1933.6585365853655
2024-10-31 13:20:36.619048,1701.4634146341461
2024-10-31 13:20:36.620513,1841.951219512195
2024-10-31 13:20:36.622026,1728.7804878048778
2024-10-31 13:20:36.623470,1793.170731707317
2024-10-31 13:20:36.624913,1777.5609756097558
2024-10-31 13:20:36.626403,1701.4634146341461
2024-10-31 13:20:36.627844,2011.7073170731703
2024-10-31 13:20:36.629434,1742.4390243902437
2024-10-31 13:20:36.630902,1752.1951219512193
2024-10-31 13:20:36.632342,1646.8292682926829
2024-10-31 13:20:36.633843,2029.2682926829264
2024-10-31 13:20:36.635281,1621.4634146341461
2024-10-31 13:20:36.636731,1918.0487804878046
2024-10-31 13:20:36.638230,1658.5365853658536
2024-10-31 13:20:36.639677,1851.7073170731705
2024-10-31 13:20:36.641171,1728.7804878048778
2024-10-31 13:20:36.642661,1834.1463414634145
2024-10-31 13:20:36.644106,1843.90243902439
2024-10-31 13:20:36.645635,1812.6829268292681
2024-10-31 13:20:36.647083,1746.3414634146338
2024-10-31 13:20:36.648555,1668.292682926829
2024-10-31 13:20:36.650032,1758.0487804878046
2024-10-31 13:20:36.651467,1623.4146341463413
2024-10-31 13:20:36.652921,2039.024390243902
2024-10-31 13:20:36.654429,1627.3170731707316
2024-10-31 13:20:36.655878,1914.1463414634143
2024-10-31 13:20:36.657412,1631.2195121951218
2024-10-31 13:20:36.658856,1888.7804878048778
2024-10-31 13:20:36.660303,1773.6585365853657
2024-10-31 13:20:36.661872,1912.195121951219
2024-10-31 13:20:36.663412,1758.0487804878046
2024-10-31 13:20:36.665048,1787.3170731707314
2024-10-31 13:20:36.666593,1826.341463414634
2024-10-31 13:20:36.668059,1812.6829268292681
2024-10-31 13:20:36.669583,1828.292682926829
2024-10-31 13:20:36.671033,1738.5365853658534
2024-10-31 13:20:36.672468,1697.5609756097558
2024-10-31 13:20:36.673969,1752.1951219512193
2024-10-31 13:20:36.675418,1640.9756097560974
2024-10-31 13:20:36.676869,1976.5853658536582
2024-10-31 13:20:36.678368,1621.4634146341461
2024-10-31 13:20:36.679808,1902.4390243902435
2024-10-31 13:20:36.681357,1633.170731707317
2024-10-31 13:20:36.682815,1931.7073170731705
2024-10-31 13:20:36.684260,1777.5609756097558
2024-10-31 13:20:36.685793,1892.682926829268
2024-10-31 13:20:36.687248,1728.7804878048778
2024-10-31 13:20:36.688783,1957.073170731707
2024-10-31 13:20:36.690409,1666.3414634146338
2024-10-31 13:20:36.691877,2029.2682926829264
2024-10-31 13:20:36.693460,1742.4390243902437
2024-10-31 13:20:36.694924,1752.1951219512193
2024-10-31 13:20:36.696365,1646.8292682926829
2024-10-31 13:20:36.697873,2039.024390243902
2024-10-31 13:20:36.699322,1611.7073170731705
2024-10-31 13:20:36.700778,1927.8048780487802
2024-10-31 13:20:36.702275,1640.9756097560974
2024-10-31 13:20:36.703717,1873.170731707317
2024-10-31 13:20:36.705213,1707.3170731707314
2024-10-31 13:20:36.706696,1857.560975609756
2024-10-31 13:20:36.708147,1797.0731707317073
2024-10-31 13:20:36.709681,1832.1951219512193
2024-10-31 13:20:36.711135,1742.4390243902437
2024-10-31 13:20:36.712618,1719.0243902439022
2024-10-31 13:20:36.714111,1754.1463414634145
2024-10-31 13:20:36.715562,1711.2195121951218
2024-10-31 13:20:36.717026,2128.780487804878
2024-10-31 13:20:36.718538,1687.8048780487802
2024-10-31 13:20:36.720014,2001.9512195121947
2024-10-31 13:20:36.721511,1656.5853658536585
2024-10-31 13:20:36.722957,1984.390243902439
2024-10-31 13:20:36.724400,1678.0487804878046
2024-10-31 13:20:36.725940,1957.073170731707
2024-10-31 13:20:36.727395,1648.780487804878
2024-10-31 13:20:36.728836,1879.0243902439024
2024-10-31 13:20:36.730315,1736.5853658536582
2024-10-31 13:20:36.731758,1773.6585365853657
2024-10-31 13:20:36.733302,1746.3414634146338
2024-10-31 13:20:36.734773,1797.0731707317073
2024-10-31 13:20:36.736221,1754.1463414634145
2024-10-31 13:20:36.737728,1742.4390243902437
2024-10-31 13:20:36.739185,1754.1463414634145
2024-10-31 13:20:36.740680,1717.073170731707
2024-10-31 13:20:36.742190,1758.0487804878046
2024-10-31 13:20:36.743635,1642.9268292682925
2024-10-31 13:20:36.745073,2011.7073170731703
2024-10-31 13:20:36.746564,1631.2195121951218
2024-10-31 13:20:36.748041,1892.682926829268
2024-10-31 13:20:36.749568,1627.3170731707316
2024-10-31 13:20:36.751026,1921.951219512195
2024-10-31 13:20:36.753787,1658.5365853658536
2024-10-31 13:20:36.755377,1761.951219512195
2024-10-31 13:20:36.756835,1812.6829268292681
2024-10-31 13:20:36.758338,1761.951219512195
2024-10-31 13:20:36.759822,1687.8048780487802
2024-10-31 13:20:36.761364,1763.90243902439
2024-10-31 13:20:36.762808,1681.951219512195
2024-10-31 13:20:36.764256,2011.7073170731703
2024-10-31 13:20:36.765778,1656.5853658536585
2024-10-31 13:20:36.767234,1978.5365853658534
2024-10-31 13:20:36.768675,1713.170731707317
2024-10-31 13:20:36.770160,1896.5853658536582
2024-10-31 13:20:36.771603,1728.7804878048778
2024-10-31 13:20:36.773052,1879.0243902439024
2024-10-31 13:20:36.774553,1748.292682926829
2024-10-31 13:20:36.776012,1703.414634146341
2024-10-31 13:20:36.777499,1742.4390243902437
2024-10-31 13:20:36.778945,1637.0731707317073
2024-10-31 13:20:36.780392,1992.1951219512193
2024-10-31 13:20:36.781917,1613.6585365853657
2024-10-31 13:20:36.783360,1943.414634146341
2024-10-31 13:20:36.784803,1763.90243902439
2024-10-31 13:20:36.786293,1861.4634146341461
2024-10-31 13:20:36.787748,1726.8292682926826
2024-10-31 13:20:36.789424,2228.292682926829
2024-10-31 13:20:36.790998,1754.1463414634145
2024-10-31 13:20:36.792465,1787.3170731707314
2024-10-31 13:20:36.793968,1726.8292682926826
2024-10-31 13:20:36.795417,1742.4390243902437
2024-10-31 13:20:36.796872,1713.170731707317
2024-10-31 13:20:36.798369,2007.80487804878
2024-10-31 13:20:36.799811,1623.4146341463413
2024-10-31 13:20:36.801348,2019.5121951219508
2024-10-31 13:20:36.802811,1613.6585365853657
2024-10-31 13:20:36.804258,1906.3414634146338
2024-10-31 13:20:36.805795,1633.170731707317
2024-10-31 13:20:36.807245,1877.0731707317073
2024-10-31 13:20:36.808689,1783.4146341463413
2024-10-31 13:20:36.810169,1791.2195121951218
2024-10-31 13:20:36.811610,1742.4390243902437
2024-10-31 13:20:36.813065,1763.90243902439
2024-10-31 13:20:36.814577,1746.3414634146338
2024-10-31 13:20:36.816033,1623.4146341463413
2024-10-31 13:20:36.817527,2007.80487804878
2024-10-31 13:20:36.818970,1617.560975609756
2024-10-31 13:20:36.820412,1902.4390243902435
2024-10-31 13:20:36.821927,1662.4390243902437
2024-10-31 13:20:36.823370,1847.8048780487804
2024-10-31 13:20:36.824812,1787.3170731707314
2024-10-31 13:20:36.826302,1761.951219512195
2024-10-31 13:20:36.827752,1754.1463414634145
2024-10-31 13:20:36.829253,1701.4634146341461
2024-10-31 13:20:36.830743,1746.3414634146338
2024-10-31 13:20:36.832187,1623.4146341463413
2024-10-31 13:20:36.833690,2013.6585365853655
2024-10-31 13:20:36.835140,1607.8048780487804
2024-10-31 13:20:36.836626,1949.2682926829266
2024-10-31 13:20:36.838142,1611.7073170731705
2024-10-31 13:20:36.839595,1918.0487804878046
2024-10-31 13:20:36.841036,1722.9268292682925
2024-10-31 13:20:36.842531,1843.90243902439
2024-10-31 13:20:36.844003,1781.4634146341461
2024-10-31 13:20:36.845531,1851.7073170731705
2024-10-31 13:20:36.846977,1808.7804878048778
2024-10-31 13:20:36.848415,1726.8292682926826
2024-10-31 13:20:36.849916,1746.3414634146338
2024-10-31 13:20:36.851367,1668.292682926829
2024-10-31 13:20:36.852817,1994.1463414634145
2024-10-31 13:20:36.854319,1617.560975609756
2024-10-31 13:20:36.855766,1937.5609756097558
2024-10-31 13:20:36.857301,1617.560975609756
2024-10-31 13:20:36.858752,1949.2682926829266
2024-10-31 13:20:36.860206,1742.4390243902437
2024-10-31 13:20:36.861737,1921.951219512195
2024-10-31 13:20:36.863193,1691.7073170731705
2024-10-31 13:20:36.864642,1812.6829268292681
2024-10-31 13:20:36.866137,1742.4390243902437
2024-10-31 13:20:36.867588,1773.6585365853657
2024-10-31 13:20:36.869046,1761.951219512195
2024-10-31 13:20:36.870546,1728.7804878048778
2024-10-31 13:20:36.872013,2023.414634146341
2024-10-31 13:20:36.873510,1683.9024390243899
2024-10-31 13:20:36.874959,1998.0487804878046
2024-10-31 13:20:36.876463,1648.780487804878
2024-10-31 13:20:36.878106,1892.682926829268
2024-10-31 13:20:36.879874,1851.7073170731705
2024-10-31 13:20:36.881554,2003.9024390243899
2024-10-31 13:20:36.883026,1613.6585365853657
2024-10-31 13:20:36.884468,1978.5365853658534
2024-10-31 13:20:36.886012,1617.560975609756
2024-10-31 13:20:36.887470,1933.6585365853655
2024-10-31 13:20:36.888960,1879.0243902439024
2024-10-31 13:20:36.890578,1767.8048780487802
2024-10-31 13:20:36.892060,1691.7073170731705
2024-10-31 13:20:36.893609,1767.8048780487802
2024-10-31 13:20:36.895066,1707.3170731707314
2024-10-31 13:20:36.896534,2001.9512195121947
2024-10-31 13:20:36.898029,1666.3414634146338
2024-10-31 13:20:36.899472,1978.5365853658534
2024-10-31 13:20:36.900929,1773.6585365853657
2024-10-31 13:20:36.902431,1937.5609756097558
2024-10-31 13:20:36.903872,1707.3170731707314
2024-10-31 13:20:36.905416,1927.8048780487802
2024-10-31 13:20:36.906857,1713.170731707317
2024-10-31 13:20:36.908301,1847.8048780487804
2024-10-31 13:20:36.909832,1746.3414634146338
2024-10-31 13:20:36.911283,1793.170731707317
2024-10-31 13:20:36.912731,1806.8292682926829
2024-10-31 13:20:36.914210,1703.414634146341
2024-10-31 13:20:36.915654,2007.80487804878
2024-10-31 13:20:36.917167,1707.3170731707314
2024-10-31 13:20:36.918683,1758.0487804878046
2024-10-31 13:20:36.920391,2249.7560975609754
2024-10-31 13:20:36.922113,1843.90243902439
2024-10-31 13:20:36.923590,1736.5853658536582
2024-10-31 13:20:36.925053,1869.2682926829268
2024-10-31 13:20:36.926550,1752.1951219512193
2024-10-31 13:20:36.928024,1736.5853658536582
2024-10-31 13:20:36.929519,1752.1951219512193
2024-10-31 13:20:36.930957,1701.4634146341461
2024-10-31 13:20:36.932403,2042.9268292682923
2024-10-31 13:20:36.933934,1662.4390243902437
2024-10-31 13:20:36.935381,1992.1951219512193
2024-10-31 13:20:36.936824,1701.4634146341461
2024-10-31 13:20:36.938310,1908.292682926829
2024-10-31 13:20:36.939750,1726.8292682926826
2024-10-31 13:20:36.941310,1937.5609756097558
2024-10-31 13:20:36.943999,1808.7804878048778
2024-10-31 13:20:36.945639,1763.90243902439
2024-10-31 13:20:36.947107,1681.951219512195
2024-10-31 13:20:36.948633,1867.3170731707316
2024-10-31 13:20:36.950152,1758.0487804878046
2024-10-31 13:20:36.951602,1758.0487804878046
2024-10-31 13:20:36.953050,1681.951219512195
2024-10-31 13:20:36.954545,2001.9512195121947
2024-10-31 13:20:36.956021,1652.6829268292681
2024-10-31 13:20:36.957523,2029.2682926829264
2024-10-31 13:20:36.958974,1637.0731707317073
2024-10-31 13:20:36.960413,1867.3170731707316
2024-10-31 13:20:36.961911,1717.073170731707
2024-10-31 13:20:36.963354,1808.7804878048778
2024-10-31 13:20:36.964802,1838.0487804878048
2024-10-31 13:20:36.966290,1732.6829268292681
2024-10-31 13:20:36.967728,2029.2682926829264
2024-10-31 13:20:36.969221,1640.9756097560974
2024-10-31 13:20:36.970697,2011.7073170731703
2024-10-31 13:20:36.972137,1678.0487804878046
2024-10-31 13:20:36.973646,1953.170731707317
2024-10-31 13:20:36.975088,1687.8048780487802
2024-10-31 13:20:36.976562,1816.5853658536585
2024-10-31 13:20:36.978035,1742.4390243902437
2024-10-31 13:20:36.979470,1761.951219512195
2024-10-31 13:20:36.980917,1777.5609756097558
2024-10-31 13:20:36.982412,1681.951219512195
2024-10-31 13:20:36.983854,1994.1463414634145
2024-10-31 13:20:36.985385,1648.780487804878
2024-10-31 13:20:36.986830,1972.6829268292681
2024-10-31 13:20:36.988293,1787.3170731707314
2024-10-31 13:20:36.989920,1799.0243902439022
2024-10-31 13:20:36.991466,1787.3170731707314
2024-10-31 13:20:36.992925,1773.6585365853657
2024-10-31 13:20:36.994410,1726.8292682926826
2024-10-31 13:20:36.995884,1816.5853658536585
2024-10-31 13:20:36.997459,1832.1951219512193
2024-10-31 13:20:36.998920,1746.3414634146338
2024-10-31 13:20:37.000355,1672.1951219512193
2024-10-31 13:20:37.001848,2056.585365853658
2024-10-31 13:20:37.003290,1617.560975609756
2024-10-31 13:20:37.004774,1966.8292682926826
2024-10-31 13:20:37.006277,1621.4634146341461
2024-10-31 13:20:37.007722,1914.1463414634143
2024-10-31 13:20:37.009224,1666.3414634146338
2024-10-31 13:20:37.010704,1898.5365853658534
2024-10-31 13:20:37.012148,1793.170731707317
2024-10-31 13:20:37.013658,1853.6585365853657
2024-10-31 13:20:37.015094,1748.292682926829
2024-10-31 13:20:37.016570,1703.414634146341
2024-10-31 13:20:37.018046,1761.951219512195
2024-10-31 13:20:37.019480,1652.6829268292681
2024-10-31 13:20:37.020930,2023.414634146341
2024-10-31 13:20:37.022476,1640.9756097560974
2024-10-31 13:20:37.023928,1982.4390243902437
2024-10-31 13:20:37.025472,1646.8292682926829
2024-10-31 13:20:37.026914,1968.7804878048778
2024-10-31 13:20:37.028347,1717.073170731707
2024-10-31 13:20:37.029860,1912.195121951219
2024-10-31 13:20:37.031303,1717.073170731707
2024-10-31 13:20:37.032752,1828.292682926829
2024-10-31 13:20:37.034253,1752.1951219512193
2024-10-31 13:20:37.035704,1742.4390243902437
2024-10-31 13:20:37.037205,1767.8048780487802
2024-10-31 13:20:37.038699,1746.3414634146338
2024-10-31 13:20:37.040146,2037.0731707317068
2024-10-31 13:20:37.041638,1666.3414634146338
2024-10-31 13:20:37.043074,1984.390243902439
2024-10-31 13:20:37.044556,1666.3414634146338
2024-10-31 13:20:37.046074,1978.5365853658534
2024-10-31 13:20:37.047515,1656.5853658536585
2024-10-31 13:20:37.048952,1972.6829268292681
2024-10-31 13:20:37.050433,1738.5365853658534
2024-10-31 13:20:37.051872,1754.1463414634145
2024-10-31 13:20:37.053416,1761.951219512195
2024-10-31 13:20:37.054877,1773.6585365853657
2024-10-31 13:20:37.056315,1746.3414634146338
2024-10-31 13:20:37.057809,1687.8048780487802
2024-10-31 13:20:37.059247,1998.0487804878046
2024-10-31 13:20:37.060689,1719.0243902439022
2024-10-31 13:20:37.062182,1921.951219512195
2024-10-31 13:20:37.063631,1711.2195121951218
2024-10-31 13:20:37.065078,1853.6585365853657
2024-10-31 13:20:37.066567,1752.1951219512193
2024-10-31 13:20:37.068038,1746.3414634146338
2024-10-31 13:20:37.069550,1761.951219512195
2024-10-31 13:20:37.070999,1732.6829268292681
2024-10-31 13:20:37.072432,2013.6585365853655
2024-10-31 13:20:37.073929,1640.9756097560974
2024-10-31 13:20:37.075363,1966.8292682926826
2024-10-31 13:20:37.076824,1818.5365853658534
2024-10-31 13:20:37.078337,1918.0487804878046
2024-10-31 13:20:37.079788,1713.170731707317
2024-10-31 13:20:37.081336,1933.6585365853655
2024-10-31 13:20:37.082792,1691.7073170731705
2024-10-31 13:20:37.084231,1853.6585365853657
2024-10-31 13:20:37.085744,1738.5365853658534
2024-10-31 13:20:37.087186,1781.4634146341461
2024-10-31 13:20:37.088680,2138.536585365853
2024-10-31 13:20:37.090277,1892.682926829268
2024-10-31 13:20:37.091739,1726.8292682926826
2024-10-31 13:20:37.093276,1927.8048780487802
2024-10-31 13:20:37.094782,1668.292682926829
2024-10-31 13:20:37.096228,1857.560975609756
2024-10-31 13:20:37.097731,1726.8292682926826
2024-10-31 13:20:37.099175,1808.7804878048778
2024-10-31 13:20:37.100652,1834.1463414634145
2024-10-31 13:20:37.102155,1781.4634146341461
2024-10-31 13:20:37.103597,1752.1951219512193
2024-10-31 13:20:37.105036,1678.0487804878046
2024-10-31 13:20:37.106519,2003.9024390243899
2024-10-31 13:20:37.108016,1662.4390243902437
2024-10-31 13:20:37.109516,2037.0731707317068
2024-10-31 13:20:37.110972,1621.4634146341461
2024-10-31 13:20:37.112411,1886.8292682926829
2024-10-31 13:20:37.113908,1693.6585365853655
2024-10-31 13:20:37.115355,1826.341463414634
2024-10-31 13:20:37.116801,1838.0487804878048
2024-10-31 13:20:37.118292,1763.90243902439
2024-10-31 13:20:37.119728,1752.1951219512193
2024-10-31 13:20:37.121233,1681.951219512195
2024-10-31 13:20:37.122727,1752.1951219512193
2024-10-31 13:20:37.124177,1662.4390243902437
2024-10-31 13:20:37.125697,2027.3170731707312
2024-10-31 13:20:37.127145,1611.7073170731705
2024-10-31 13:20:37.128627,1912.195121951219
2024-10-31 13:20:37.130111,1631.2195121951218
2024-10-31 13:20:37.132789,1863.4146341463413
2024-10-31 13:20:37.134437,1742.4390243902437
2024-10-31 13:20:37.135891,1754.1463414634145
2024-10-31 13:20:37.137430,1738.5365853658534
2024-10-31 13:20:37.138876,1754.1463414634145
2024-10-31 13:20:37.140319,1658.5365853658536
2024-10-31 13:20:37.141837,2013.6585365853655
2024-10-31 13:20:37.143285,1617.560975609756
2024-10-31 13:20:37.144727,1879.0243902439024
2024-10-31 13:20:37.146207,1713.170731707317
2024-10-31 13:20:37.147650,1806.8292682926829
2024-10-31 13:20:37.149156,1763.90243902439
2024-10-31 13:20:37.150655,1869.2682926829268
2024-10-31 13:20:37.152148,1742.4390243902437
2024-10-31 13:20:37.153663,1834.1463414634145
2024-10-31 13:20:37.155101,1748.292682926829
2024-10-31 13:20:37.156604,1717.073170731707
2024-10-31 13:20:37.158129,1748.292682926829
2024-10-31 13:20:37.159577,1761.951219512195
2024-10-31 13:20:37.161021,1767.8048780487802
2024-10-31 13:20:37.162500,1666.3414634146338
2024-10-31 13:20:37.164038,2232.1951219512193
2024-10-31 13:20:37.165681,1886.8292682926829
2024-10-31 13:20:37.167146,1711.2195121951218
2024-10-31 13:20:37.168611,1799.0243902439022
2024-10-31 13:20:37.170097,1748.292682926829
2024-10-31 13:20:37.171531,1746.3414634146338
2024-10-31 13:20:37.172990,1818.5365853658534
2024-10-31 13:20:37.174513,1726.8292682926826
2024-10-31 13:20:37.176000,2042.9268292682923
2024-10-31 13:20:37.177498,1711.2195121951218
2024-10-31 13:20:37.178947,2027.3170731707312
2024-10-31 13:20:37.180380,1662.4390243902437
2024-10-31 13:20:37.181913,1998.0487804878046
2024-10-31 13:20:37.183357,1633.170731707317
2024-10-31 13:20:37.184794,1888.7804878048778
2024-10-31 13:20:37.186285,1726.8292682926826
2024-10-31 13:20:37.187739,1793.170731707317
2024-10-31 13:20:37.189471,1799.0243902439022
2024-10-31 13:20:37.191016,1754.1463414634145
2024-10-31 13:20:37.192475,1736.5853658536582
2024-10-31 13:20:37.193976,1754.1463414634145
2024-10-31 13:20:37.195423,1681.951219512195
2024-10-31 13:20:37.196872,1978.5365853658534
2024-10-31 13:20:37.198366,1617.560975609756
2024-10-31 13:20:37.199805,1933.6585365853655
2024-10-31 13:20:37.201342,1623.4146341463413
2024-10-31 13:20:37.202794,1927.8048780487802
2024-10-31 13:20:37.204232,1791.2195121951218
2024-10-31 13:20:37.205761,1888.7804878048778
2024-10-31 13:20:37.207212,1738.5365853658534
2024-10-31 13:20:37.208657,1767.8048780487802
2024-10-31 13:20:37.210148,1761.951219512195
2024-10-31 13:20:37.211596,1701.4634146341461
2024-10-31 13:20:37.213052,2132.682926829268
2024-10-31 13:20:37.214558,1662.4390243902437
2024-10-31 13:20:37.216020,1988.292682926829
2024-10-31 13:20:37.217528,1658.5365853658536
2024-10-31 13:20:37.218985,1968.7804878048778
2024-10-31 13:20:37.220431,1707.3170731707314
2024-10-31 13:20:37.221960,1937.5609756097558
2024-10-31 13:20:37.223408,1691.7073170731705
2024-10-31 13:20:37.224841,1847.8048780487804
2024-10-31 13:20:37.226325,1746.3414634146338
2024-10-31 13:20:37.227767,1728.7804878048778
2024-10-31 13:20:37.229329,1763.90243902439
2024-10-31 13:20:37.230806,1791.2195121951218
2024-10-31 13:20:37.232244,1754.1463414634145
2024-10-31 13:20:37.233739,1713.170731707317
2024-10-31 13:20:37.235177,2011.7073170731703
2024-10-31 13:20:37.236630,1711.2195121951218
2024-10-31 13:20:37.238143,1972.6829268292681
2024-10-31 13:20:37.239594,1652.6829268292681
2024-10-31 13:20:37.241037,1908.292682926829
2024-10-31 13:20:37.242529,1726.8292682926826
2024-10-31 13:20:37.244010,1791.2195121951218
2024-10-31 13:20:37.245532,1726.8292682926826
2024-10-31 13:20:37.246975,1812.6829268292681
2024-10-31 13:20:37.248412,1787.3170731707314
2024-10-31 13:20:37.249914,1728.7804878048778
2024-10-31 13:20:37.251360,2107.3170731707314
2024-10-31 13:20:37.252814,1728.7804878048778
2024-10-31 13:20:37.254320,1998.0487804878046
2024-10-31 13:20:37.255768,1637.0731707317073
2024-10-31 13:20:37.257304,1992.1951219512193
2024-10-31 13:20:37.258762,1633.170731707317
2024-10-31 13:20:37.260198,1886.8292682926829
2024-10-31 13:20:37.261728,1666.3414634146338
2024-10-31 13:20:37.263181,1863.4146341463413
2024-10-31 13:20:37.264630,1799.0243902439022
2024-10-31 13:20:37.266120,1799.0243902439022
2024-10-31 13:20:37.267565,1754.1463414634145
2024-10-31 13:20:37.269024,1777.5609756097558
2024-10-31 13:20:37.270526,1754.1463414634145
2024-10-31 13:20:37.272007,1631.2195121951218
2024-10-31 13:20:37.273492,2037.0731707317068
2024-10-31 13:20:37.274931,1623.4146341463413
2024-10-31 13:20:37.276367,1933.6585365853655
2024-10-31 13:20:37.277894,1656.5853658536585
2024-10-31 13:20:37.279340,1873.170731707317
2024-10-31 13:20:37.280783,1834.1463414634145
2024-10-31 13:20:37.282321,1853.6585365853657
2024-10-31 13:20:37.283772,1754.1463414634145
2024-10-31 13:20:37.285326,1886.8292682926829
2024-10-31 13:20:37.286798,1728.7804878048778
2024-10-31 13:20:37.288364,1879.0243902439024
2024-10-31 13:20:37.290006,1767.8048780487802
2024-10-31 13:20:37.291516,1754.1463414634145
2024-10-31 13:20:37.292989,1826.341463414634
2024-10-31 13:20:37.294501,1754.1463414634145
2024-10-31 13:20:37.295997,1678.0487804878046
2024-10-31 13:20:37.297499,1763.90243902439
2024-10-31 13:20:37.298943,1687.8048780487802
2024-10-31 13:20:37.300389,2039.024390243902
2024-10-31 13:20:37.301927,1662.4390243902437
2024-10-31 13:20:37.303374,2001.9512195121947
2024-10-31 13:20:37.304818,1678.0487804878046
2024-10-31 13:20:37.306294,1902.4390243902435
2024-10-31 13:20:37.307744,1728.7804878048778
2024-10-31 13:20:37.309242,1912.195121951219
2024-10-31 13:20:37.310731,1736.5853658536582
2024-10-31 13:20:37.312180,1783.4146341463413
2024-10-31 13:20:37.313681,1761.951219512195
2024-10-31 13:20:37.315117,1722.9268292682925
2024-10-31 13:20:37.316599,1873.170731707317
2024-10-31 13:20:37.318118,1719.0243902439022
2024-10-31 13:20:37.319569,2027.3170731707312
2024-10-31 13:20:37.322317,1672.1951219512193
2024-10-31 13:20:37.323916,1754.1463414634145
2024-10-31 13:20:37.325497,1966.8292682926826
2024-10-31 13:20:37.326946,1662.4390243902437
2024-10-31 13:20:37.328376,1838.0487804878048
2024-10-31 13:20:37.329879,1742.4390243902437
2024-10-31 13:20:37.331318,1781.4634146341461
2024-10-31 13:20:37.332759,1853.6585365853657
2024-10-31 13:20:37.334250,1701.4634146341461
2024-10-31 13:20:37.335694,2003.9024390243899
2024-10-31 13:20:37.337193,1617.560975609756
2024-10-31 13:20:37.338681,1994.1463414634145
2024-10-31 13:20:37.340128,1693.6585365853655
2024-10-31 13:20:37.341652,1968.7804878048778
2024-10-31 13:20:37.343093,1668.292682926829
2024-10-31 13:20:37.344574,1834.1463414634145
2024-10-31 13:20:37.346056,1713.170731707317
2024-10-31 13:20:37.347500,1797.0731707317073
2024-10-31 13:20:37.348994,1783.4146341463413
2024-10-31 13:20:37.350511,1818.5365853658534
2024-10-31 13:20:37.352001,1834.1463414634145
2024-10-31 13:20:37.353488,1799.0243902439022
2024-10-31 13:20:37.354927,1748.292682926829
2024-10-31 13:20:37.356356,1693.6585365853655
2024-10-31 13:20:37.357880,1752.1951219512193
2024-10-31 13:20:37.359354,1658.5365853658536
2024-10-31 13:20:37.360803,1966.8292682926826
2024-10-31 13:20:37.362288,1617.560975609756
2024-10-31 13:20:37.363735,1898.5365853658534
2024-10-31 13:20:37.365233,1687.8048780487802
2024-10-31 13:20:37.366727,1902.4390243902435
2024-10-31 13:20:37.368171,1736.5853658536582
2024-10-31 13:20:37.369666,1828.292682926829
2024-10-31 13:20:37.371105,1752.1951219512193
2024-10-31 13:20:37.372584,1722.9268292682925
2024-10-31 13:20:37.374095,1761.951219512195
2024-10-31 13:20:37.375541,1703.414634146341
2024-10-31 13:20:37.376984,2048.780487804878
2024-10-31 13:20:37.378466,1617.560975609756
2024-10-31 13:20:37.379905,1918.0487804878046
